mae: 836.1538696289062
mape_pct: 6.183527410030365
pinball: 585.8385620117188
rmse: 1288.0648193359375
samples: 249624
